15
0 0 11 0 0 72 0 0 0 0 0 0 0 0 0 
0 0 0 140 0 0 0 0 0 0 0 0 0 104 0 
0 0 0 0 0 196 0 0 0 0 0 0 0 0 0 
147 0 0 0 151 0 0 0 0 0 0 0 0 0 0 
0 0 0 0 0 87 144 0 0 0 0 142 0 0 128 
0 0 0 0 0 0 0 141 176 10 31 0 0 0 0 
0 0 0 0 0 0 0 0 0 0 0 181 0 124 0 
0 0 0 0 0 0 118 0 0 0 0 0 0 0 0 
0 0 0 15 145 0 0 0 0 0 0 0 0 0 0 
0 9 0 0 15 0 38 0 0 0 0 0 0 0 0 
0 0 0 0 0 115 46 0 43 4 0 0 18 0 0 
0 0 0 0 0 0 188 0 0 104 0 0 26 0 0 
0 0 0 0 0 0 0 63 0 0 0 0 0 114 0 
0 0 0 0 0 0 0 0 0 0 97 0 0 0 0 
0 0 0 0 0 0 155 0 0 0 0 0 0 0 0 